%YAML:1.0
---
type: IMU
name: c-board-bmi088
Gyr:
   unit: " rad/s"
   avg-axis:
      gyr_n: 7.1849534346777079e-03
      gyr_w: 9.3297407621772976e-05
   x-axis:
      gyr_n: 6.2299337066203482e-03
      gyr_w: 1.0490966095622401e-04
   y-axis:
      gyr_n: 7.3009132098617903e-03
      gyr_w: 1.1691898697954538e-04
   z-axis:
      gyr_n: 8.0240133875509843e-03
      gyr_w: 5.8063574929549528e-05
Acc:
   unit: " m/s^2"
   avg-axis:
      acc_n: 4.7392843830462827e-02
      acc_w: 4.0371805020432498e-04
   x-axis:
      acc_n: 4.6489164476415316e-02
      acc_w: 3.5055873203012114e-04
   y-axis:
      acc_n: 4.8513449292767262e-02
      acc_w: 5.5777331728065576e-04
   z-axis:
      acc_n: 4.7175917722205918e-02
      acc_w: 3.0282210130219803e-04
